SC:10.0
loss:-0.0009098914451897144 epoch:490 acc:0.5976331360946746 nmi:0.6425690458421804 accMax:0.9053254437869822 nmiMax:0.7927055981314747 ariMax:0.8026891510760281 curepoch:70
hid_units:512,lr:0.001,l2_coef:1e-05,reg_coef:1e-05,acc:0.7218934911242604,nmi:0.6715112611657926，Ari:0.5767594704809886,stdnmi:0.0,stdacc:0.0,stdari:0.0

SC:10.0
loss:-0.0081903375685215 epoch:490 acc:0.7810650887573964 nmi:0.7162297842039883 accMax:0.9171597633136095 nmiMax:0.8135542371861214 ariMax:0.8195658066869322 curepoch:230
hid_units:128,lr:0.001,l2_coef:1e-05,reg_coef:1e-05,acc:0.8994082840236687,nmi:0.7703081060881025，Ari:0.797070673134293,stdnmi:0.0,stdacc:0.0,stdari:0.0

